Straight North -2048 2048 3328 4096 2048 2048 7424 4096 2048 1024 7424 2048 -2048 1024 3328 2048
Straight East 2048 2048 7936 0 2048 -2048 3840 0 1024 -2048 3840 2048 1024 2048 7936 2048
Straight South 2048 -2048 4864 0 -2048 -2048 768 0 -2048 -1024 768 2048 2048 -1024 4864 2048
Straight West -2048 -2048 1280 4096 -2048 2048 5376 4096 -1024 2048 5376 2048 -1024 -2048 1280 2048
Corner North -2048 2048 3328 4096 2048 2048 7424 4096 1024 1024 6400 2048 -2048 1024 3328 2048 2048 2048 7936 0 2048 -2048 3840 0 1024 -2048 3840 2048 1024 1024 6912 2048
Corner East 2048 2048 7936 0 2048 -2048 3840 0 1024 -1024 4864 2048 1024 2048 7936 2048 2048 -2048 4864 0 -2048 -2048 768 0 -2048 -1024 768 2048 1024 -1024 3840 2048
Corner South 2048 -2048 4864 0 -2048 -2048 768 0 -1024 -1024 1792 2048 2048 -1024 4864 2048 -2048 -2048 1280 4096 -2048 2048 5376 4096 -1024 2048 5376 2048 -1024 -1024 2304 2048
Corner West -2048 -2048 1280 4096 -2048 2048 5376 4096 -1024 1024 4352 2048 -1024 -2048 1280 2048 -2048 2048 3328 4096 2048 2048 7424 4096 2048 1024 7424 2048 -1024 1024 4352 2048
InsideCorner North 2048 2048 7424 4096 2048 1024 7424 2048 1024 1024 6400 2048 2048 2048 7936 0 1024 1024 6912 2048 1024 2048 7936 2048
InsideCorner East 2048 -2048 3840 0 1024 -2048 3840 2048 1024 -1024 4864 2048 2048 -2048 4864 0 1024 -1024 3840 2048 2048 -1024 4864 2048
InsideCorner South -2048 -2048 768 0 -2048 -1024 768 2048 -1024 -1024 1792 2048 -2048 -2048 1280 4096 -1024 -1024 2304 2048 -1024 -2048 1280 2048
InsideCorner West -2048 2048 5376 4096 -1024 2048 5376 2048 -1024 1024 4352 2048 -2048 2048 3328 4096 -1024 1024 4352 2048 -2048 1024 3328 2048
Runner North -2048 2048 3328 4096 2048 2048 7424 4096 2048 1024 7424 2048 -2048 1024 3328 2048 2048 -2048 4864 0 -2048 -2048 768 0 -2048 -1024 768 2048 2048 -1024 4864 2048
Runner East 2048 2048 7936 0 2048 -2048 3840 0 1024 -2048 3840 2048 1024 2048 7936 2048 -2048 -2048 1280 4096 -2048 2048 5376 4096 -1024 2048 5376 2048 -1024 -2048 1280 2048
Runner South 2048 -2048 4864 0 -2048 -2048 768 0 -2048 -1024 768 2048 2048 -1024 4864 2048 -2048 2048 3328 4096 2048 2048 7424 4096 2048 1024 7424 2048 -2048 1024 3328 2048
Runner West -2048 -2048 1280 4096 -2048 2048 5376 4096 -1024 2048 5376 2048 -1024 -2048 1280 2048 2048 2048 7936 0 2048 -2048 3840 0 1024 -2048 3840 2048 1024 2048 7936 2048
EndCap North -2048 -2048 1280 4096 -2048 2048 5376 4096 -1024 1024 4352 2048 -1024 -2048 1280 2048 -2048 2048 3328 4096 2048 2048 7424 4096 1024 1024 6400 2048 -1024 1024 4352 2048 2048 2048 7936 0 2048 -2048 3840 0 1024 -2048 3840 2048 1024 1024 6912 2048
EndCap East -2048 2048 3328 4096 2048 2048 7424 4096 1024 1024 6400 2048 -2048 1024 3328 2048 2048 2048 7936 0 2048 -2048 3840 0 1024 -1024 4864 2048 1024 1024 6912 2048 2048 -2048 4864 0 -2048 -2048 768 0 -2048 -1024 768 2048 1024 -1024 3840 2048
EndCap South 2048 2048 7936 0 2048 -2048 3840 0 1024 -1024 4864 2048 1024 2048 7936 2048 2048 -2048 4864 0 -2048 -2048 768 0 -1024 -1024 1792 2048 1024 -1024 3840 2048 -2048 -2048 1280 4096 -2048 2048 5376 4096 -1024 2048 5376 2048 -1024 -1024 2304 2048
EndCap West 2048 -2048 4864 0 -2048 -2048 768 0 -1024 -1024 1792 2048 2048 -1024 4864 2048 -2048 -2048 1280 4096 -2048 2048 5376 4096 -1024 1024 4352 2048 -1024 -1024 2304 2048 -2048 2048 3328 4096 2048 2048 7424 4096 2048 1024 7424 2048 -1024 1024 4352 2048
Frame North -2048 2048 3328 4096 2048 2048 7424 4096 1024 1024 6400 2048 -1024 1024 4352 2048 2048 2048 7936 0 2048 -2048 3840 0 1024 -1024 4864 2048 1024 1024 6912 2048 2048 -2048 4864 0 -2048 -2048 768 0 -1024 -1024 1792 2048 1024 -1024 3840 2048 -2048 -2048 1280 4096 -2048 2048 5376 4096 -1024 1024 4352 2048 -1024 -1024 2304 2048
Frame East 2048 2048 7936 0 2048 -2048 3840 0 1024 -1024 4864 2048 1024 1024 6912 2048 2048 -2048 4864 0 -2048 -2048 768 0 -1024 -1024 1792 2048 1024 -1024 3840 2048 -2048 -2048 1280 4096 -2048 2048 5376 4096 -1024 1024 4352 2048 -1024 -1024 2304 2048 -2048 2048 3328 4096 2048 2048 7424 4096 1024 1024 6400 2048 -1024 1024 4352 2048
Frame South 2048 -2048 4864 0 -2048 -2048 768 0 -1024 -1024 1792 2048 1024 -1024 3840 2048 -2048 -2048 1280 4096 -2048 2048 5376 4096 -1024 1024 4352 2048 -1024 -1024 2304 2048 -2048 2048 3328 4096 2048 2048 7424 4096 1024 1024 6400 2048 -1024 1024 4352 2048 2048 2048 7936 0 2048 -2048 3840 0 1024 -1024 4864 2048 1024 1024 6912 2048
Frame West -2048 -2048 1280 4096 -2048 2048 5376 4096 -1024 1024 4352 2048 -1024 -1024 2304 2048 -2048 2048 3328 4096 2048 2048 7424 4096 1024 1024 6400 2048 -1024 1024 4352 2048 2048 2048 7936 0 2048 -2048 3840 0 1024 -1024 4864 2048 1024 1024 6912 2048 2048 -2048 4864 0 -2048 -2048 768 0 -1024 -1024 1792 2048 1024 -1024 3840 2048
Bands3 Straight North -2048 2048 3328 4096 2048 2048 7424 4096 2048 1024 7424 2731 -2048 1024 3328 2731
Bands3 Straight East 2048 2048 7936 1365 2048 -2048 3840 1365 1024 -2048 3840 2731 1024 2048 7936 2731
Bands3 Straight South 2048 -2048 4864 1365 -2048 -2048 768 1365 -2048 -1024 768 2731 2048 -1024 4864 2731
Bands3 Straight West -2048 -2048 1280 4096 -2048 2048 5376 4096 -1024 2048 5376 2731 -1024 -2048 1280 2731
Variants4 Straight North -2048 2048 0 4096 2048 2048 1024 4096 2048 1024 1024 2731 -2048 1024 0 2731
Variants4 Straight East 2048 2048 3072 1365 2048 -2048 2048 1365 1024 -2048 2048 2731 1024 2048 3072 2731
Variants4 Straight South 2048 -2048 3072 1365 -2048 -2048 2048 1365 -2048 -1024 2048 2731 2048 -1024 3072 2731
Variants4 Straight West -2048 -2048 2048 4096 -2048 2048 3072 4096 -1024 2048 3072 2731 -1024 -2048 2048 2731
Bands3 Scene lone 0 square square -2048 -2048 582 4096 2048 2048 6375 4096 2772 1324 6375 2731 -1324 -2772 582 2731
Bands3 Scene lone-east 0 square square -2048 2048 -2128 1365 2048 -2048 3664 1365 1324 -2772 3664 0 -2772 1324 -2128 0
Bands3 Scene lone-south 0 square square 2048 2048 -5607 1365 -2048 -2048 186 1365 -2772 -1324 186 2731 1324 2772 -5607 2731
Bands3 Scene lone-west 0 square square 2048 -2048 -1360 1365 -2048 2048 4432 1365 -1324 2772 4432 0 2772 -1324 -1360 0
Bands3 Scene run 0 square square -2048 -2048 582 4096 2048 2048 6375 4096 2772 1324 6375 2731 -1324 -2772 582 2731
Bands3 Scene run 1 square square -2048 -2048 2279 4096 2048 2048 8071 4096 2772 1324 8071 2731 -1324 -2772 2279 2731
Bands3 Scene octagon-inside 1 mitre-in mitre-in -2048 -2048 582 4096 2048 2048 6375 4096 2472 1024 5951 2731 -1024 -2472 1006 2731
Bands3 Scene octagon-outside 1 mitre mitre -2048 -2048 582 4096 2048 2048 6375 4096 3072 1624 6799 2731 -1624 -3072 158 2731 -1624 -3072 6824 2731 -2048 -3072 6400 2731 -2048 -2048 6400 4096 2048 2048 3328 4096 3072 2048 3328 2731 3072 1624 2904 2731
Bands3 Scene tip-inside 0 square mitre-in -2048 -2048 582 4096 2048 2048 6375 4096 2048 600 5351 2731 -1324 -2772 582 2731
Bands3 Scene tip-inside 1 mitre-in square -2048 2048 -1536 1365 2048 -2048 4257 1365 1324 -2772 4257 0 -2048 600 -512 0
Bands3 Scene tip-outside 0 mitre square 2048 2048 -2103 1365 -2048 -2048 3690 1365 -2772 -1324 3690 2731 2048 3496 -3127 2731
Bands3 Scene tip-outside 1 square mitre 2048 -2048 -1872 1365 -2048 2048 3920 1365 -2048 3496 4944 0 2772 -1324 -1872 0
Bands3 Scene corner-piece 1 square mitre-in -2048 -2048 582 4096 2048 2048 6375 4096 2472 1024 5951 2731 -1324 -2772 582 2731
Bands3 Scene corner-mitred 1 square square -2048 -2048 582 4096 2048 2048 6375 4096 2772 1324 6375 2731 -1324 -2772 582 2731
Bands3 Scene sharp 0 square square -2048 -2048 582 4096 2048 2048 6375 4096 2772 1324 6375 2731 -1324 -2772 582 2731
Variants4 Scene lone 0 square square -2048 -2048 3218 4096 437 437 4096 4096 1161 -287 4096 2731 -1324 -2772 3218 2731 437 437 2048 4096 2048 2048 2618 4096 2772 1324 2618 2731 1161 -287 2048 2731
Variants4 Scene lone-east 0 square square -2048 2048 300 1365 0 0 1024 1365 -724 -724 1024 0 -2772 1324 300 0 0 0 3072 1365 2048 -2048 3796 1365 1324 -2772 3796 0 -724 -724 3072 0
Variants4 Scene lone-south 0 square square 2048 2048 3526 1365 437 437 4096 1365 -287 1161 4096 2731 1324 2772 3526 2731 437 437 2048 1365 -2048 -2048 2926 1365 -2772 -1324 2926 2731 -287 1161 2048 2731
Variants4 Scene lone-west 0 square square 2048 -2048 3372 1365 0 0 4096 1365 724 724 4096 0 2772 -1324 3372 0 0 0 2048 1365 -2048 2048 2772 1365 -1324 2772 2772 0 724 724 2048 0
Variants4 Scene run 0 square square -2048 -2048 3218 4096 437 437 4096 4096 1161 -287 4096 2731 -1324 -2772 3218 2731 437 437 2048 4096 2048 2048 2618 4096 2772 1324 2618 2731 1161 -287 2048 2731
Variants4 Scene run 1 square square -2048 -2048 2618 4096 -763 -763 3072 4096 -39 -1487 3072 2731 -1324 -2772 2618 2731 -763 -763 3072 4096 2048 2048 4066 4096 2772 1324 4066 2731 -39 -1487 3072 2731
Variants4 Scene octagon-inside 1 mitre-in mitre-in -2048 -2048 3218 4096 437 437 4096 4096 1161 -287 4096 2731 -1024 -2472 3324 2731 437 437 2048 4096 2048 2048 2618 4096 2472 1024 2512 2731 1161 -287 2048 2731
Variants4 Scene octagon-outside 1 mitre mitre -2048 -2048 3218 4096 437 437 4096 4096 1161 -287 4096 2731 -1624 -3072 3112 2731 437 437 2048 4096 2048 2048 2618 4096 3072 1624 2724 2731 1161 -287 2048 2731 -1624 -3072 1130 2731 -2048 -3072 1024 2731 -2048 -2048 1024 4096 2048 2048 3072 4096 3072 2048 3072 2731 3072 1624 2966 2731
Variants4 Scene tip-inside 0 square mitre-in -2048 -2048 3218 4096 437 437 4096 4096 1161 -287 4096 2731 -1324 -2772 3218 2731 437 437 2048 4096 2048 2048 2618 4096 2048 600 2362 2731 1161 -287 2048 2731
Variants4 Scene tip-inside 1 mitre-in square -2048 2048 3072 1365 848 -848 4096 1365 124 -1572 4096 0 -2048 600 3328 0 848 -848 1024 1365 2048 -2048 1448 1365 1324 -2772 1448 0 124 -1572 1024 0
Variants4 Scene tip-outside 0 mitre square 2048 2048 3826 1365 1285 1285 4096 1365 561 2009 4096 2731 2048 3496 3570 2731 1285 1285 3072 1365 -1611 -1611 4096 1365 -2335 -887 4096 2731 561 2009 3072 2731 -1611 -1611 2048 1365 -2048 -2048 2202 1365 -2772 -1324 2202 2731 -2335 -887 2048 2731
Variants4 Scene tip-outside 1 square mitre 2048 -2048 1324 1365 0 0 2048 1365 724 724 2048 0 2772 -1324 1324 0 0 0 2048 1365 -2048 2048 2772 1365 -2048 3496 3028 0 724 724 2048 0
Variants4 Scene corner-piece 1 square mitre-in -2048 -2048 3218 4096 437 437 4096 4096 1161 -287 4096 2731 -1324 -2772 3218 2731 437 437 2048 4096 2048 2048 2618 4096 2472 1024 2512 2731 1161 -287 2048 2731
Variants4 Scene corner-mitred 1 square square -2048 -2048 3218 4096 437 437 4096 4096 1161 -287 4096 2731 -1324 -2772 3218 2731 437 437 2048 4096 2048 2048 2618 4096 2772 1324 2618 2731 1161 -287 2048 2731
Variants4 Scene sharp 0 square square -2048 -2048 3218 4096 437 437 4096 4096 1161 -287 4096 2731 -1324 -2772 3218 2731 437 437 2048 4096 2048 2048 2618 4096 2772 1324 2618 2731 1161 -287 2048 2731
Overlay0 Straight North -2048 2048 0 4096 2048 2048 1024 4096 2048 1024 1024 3413 -2048 1024 0 3413
Overlay0 Straight East 2048 2048 3072 2731 2048 -2048 2048 2731 1024 -2048 2048 3413 1024 2048 3072 3413
Overlay0 Straight South 2048 -2048 3072 2731 -2048 -2048 2048 2731 -2048 -1024 2048 3413 2048 -1024 3072 3413
Overlay0 Straight West -2048 -2048 2048 4096 -2048 2048 3072 4096 -1024 2048 3072 3413 -1024 -2048 2048 3413
Overlay0 Scene lone 0 square square -2048 -2048 3218 4096 437 437 4096 4096 1161 -287 4096 3413 -1324 -2772 3218 3413 437 437 2048 4096 2048 2048 2618 4096 2772 1324 2618 3413 1161 -287 2048 3413
Overlay0 Scene lone-east 0 square square -2048 2048 300 2731 0 0 1024 2731 -724 -724 1024 2048 -2772 1324 300 2048 0 0 3072 2731 2048 -2048 3796 2731 1324 -2772 3796 2048 -724 -724 3072 2048
Overlay0 Scene lone-south 0 square square 2048 2048 3526 2731 437 437 4096 2731 -287 1161 4096 3413 1324 2772 3526 3413 437 437 2048 2731 -2048 -2048 2926 2731 -2772 -1324 2926 3413 -287 1161 2048 3413
Overlay0 Scene lone-west 0 square square 2048 -2048 3372 2731 0 0 4096 2731 724 724 4096 2048 2772 -1324 3372 2048 0 0 2048 2731 -2048 2048 2772 2731 -1324 2772 2772 2048 724 724 2048 2048
Overlay1 Straight North -2048 2048 0 0 2048 2048 1024 0 2048 1024 1024 683 -2048 1024 0 683
Overlay1 Straight East 2048 2048 3072 1365 2048 -2048 2048 1365 1024 -2048 2048 683 1024 2048 3072 683
Overlay1 Straight South 2048 -2048 3072 1365 -2048 -2048 2048 1365 -2048 -1024 2048 683 2048 -1024 3072 683
Overlay1 Straight West -2048 -2048 2048 0 -2048 2048 3072 0 -1024 2048 3072 683 -1024 -2048 2048 683
Overlay1 Scene lone 0 square square -2048 -2048 3218 0 437 437 4096 0 1161 -287 4096 683 -1324 -2772 3218 683 437 437 2048 0 2048 2048 2618 0 2772 1324 2618 683 1161 -287 2048 683
Overlay1 Scene lone-east 0 square square -2048 2048 300 1365 0 0 1024 1365 -724 -724 1024 2048 -2772 1324 300 2048 0 0 3072 1365 2048 -2048 3796 1365 1324 -2772 3796 2048 -724 -724 3072 2048
Overlay1 Scene lone-south 0 square square 2048 2048 3526 1365 437 437 4096 1365 -287 1161 4096 683 1324 2772 3526 683 437 437 2048 1365 -2048 -2048 2926 1365 -2772 -1324 2926 683 -287 1161 2048 683
Overlay1 Scene lone-west 0 square square 2048 -2048 3372 1365 0 0 4096 1365 724 724 4096 2048 2772 -1324 3372 2048 0 0 2048 1365 -2048 2048 2772 1365 -1324 2772 2772 2048 724 724 2048 2048
